0.0298036
0.0893131
0.14853
0.207258
0.265303
0.322469
0.378561
0.433384
0.486745
0.538451
0.588309
0.636132
0.681732
0.724927
0.765538
0.803394
0.838328
0.870183
0.898808
0.924065
0.945827
0.963977
0.978415
0.989055
0.995824
0.998669
0.997553
0.992457
0.983382
0.970346
0.953387
0.932563
0.907949
0.879641
0.84775
0.812408
0.77376
0.73197
0.687214
0.639683
0.58958
0.537118
0.48252
0.426018
0.36785
0.308259
0.247494
0.185804
0.123441
0.0606588
-0.0022917
-0.0651604
-0.1277
-0.189666
-0.25082
-0.310928
-0.369759
-0.427093
-0.482713
-0.536411
-0.587986
-0.637247
-0.684009
-0.728098
-0.769348
-0.807605
-0.842721
-0.874564
-0.90301
-0.927947
-0.949275
-0.966908
-0.98077
-0.990802
-0.996957
-0.999202
-0.997521
-0.991911
-0.982385
-0.968972
-0.951718
-0.930682
-0.905942
-0.87759
-0.845733
-0.810496
-0.772015
-0.730444
-0.685947
-0.638704
-0.588906
-0.536755
-0.482461
-0.426247
-0.368342
-0.308982
-0.248407
-0.186865
-0.124605
-0.061877
0.00106515
0.0639697
0.126586
0.188665
0.249961
0.310235
0.369249
0.426776
0.482591
0.536479
0.588235
0.637659
0.684562
0.728767
0.770104
0.808417
0.84356
0.875398
0.90381
0.928685
0.949928
0.967455
0.981197
0.991098
0.997116
0.999223
0.997408
0.991673
0.982035
0.968526
0.951194
0.930102
0.905328
0.876964
0.845119
0.809914
0.771485
0.729983
0.68557
0.638421
0.588725
0.536678
0.482489
0.426377
0.368565
0.309288
0.248784
0.187297
0.125075
0.062368
-0.000570995
-0.0634898
-0.126137
-0.188262
-0.249617
-0.309961
-0.369053
-0.426662
-0.482562
-0.536535
-0.588371
-0.637868
-0.684837
-0.729095
-0.770474
-0.808814
-0.84397
-0.875806
-0.904201
-0.929047
-0.950248
-0.967723
-0.981404
-0.991238
-0.997185
-0.999221
-0.997335
-0.991534
-0.981835
-0.968274
-0.950899
-0.929775
-0.904982
-0.876611
-0.844771
-0.809583
-0.771184
-0.729721
-0.685355
-0.638261
-0.588624
-0.53664
-0.482514
-0.426462
-0.368707
-0.309481
-0.249021
-0.187568
-0.125371
-0.0626787
0.000257316
0.0631842
0.12585
0.188003
0.249396
0.309784
0.368927
0.426591
0.482547
0.536576
0.588466
0.638013
0.685026
0.729322
0.77073
0.80909
0.844255
0.876091
0.904476
0.929302
0.950475
0.967913
0.981552
0.991338
0.997234
0.999218
0.997281
0.99143
0.981686
0.968085
0.950678
0.92953
0.90472
0.876342
0.844505
0.80933
0.770951
0.729517
0.685188
0.638136
0.588545
0.536609
0.482532
0.426528
0.36882
0.309635
0.249211
0.187788
0.125612
0.0629322
4.42263e-12
-0.0629322
-0.125612
-0.187788
-0.249211
-0.309635
-0.36882
-0.426528
-0.482532
-0.536609
-0.588545
-0.638136
-0.685188
-0.729517
-0.770951
-0.80933
-0.844505
-0.876342
-0.90472
-0.92953
-0.950678
-0.968085
-0.981686
-0.99143
-0.997281
-0.999218
-0.997234
-0.991338
-0.981552
-0.967913
-0.950475
-0.929302
-0.904476
-0.876091
-0.844255
-0.80909
-0.77073
-0.729322
-0.685026
-0.638013
-0.588466
-0.536576
-0.482547
-0.426591
-0.368927
-0.309784
-0.249396
-0.188003
-0.12585
-0.0631842
-0.000257316
0.0626787
0.125371
0.187568
0.249021
0.309481
0.368707
0.426462
0.482514
0.53664
0.588624
0.638261
0.685355
0.729721
0.771184
0.809583
0.844771
0.876611
0.904982
0.929775
0.950899
0.968274
0.981835
0.991534
0.997335
0.999221
0.997185
0.991238
0.981404
0.967723
0.950248
0.929047
0.904201
0.875806
0.84397
0.808814
0.770474
0.729095
0.684837
0.637868
0.588371
0.536535
0.482562
0.426662
0.369053
0.309961
0.249617
0.188262
0.126137
0.0634898
0.000570995
-0.062368
-0.125075
-0.187297
-0.248784
-0.309288
-0.368565
-0.426377
-0.482489
-0.536678
-0.588725
-0.638421
-0.68557
-0.729983
-0.771485
-0.809914
-0.845119
-0.876964
-0.905328
-0.930102
-0.951194
-0.968526
-0.982035
-0.991673
-0.997408
-0.999223
-0.997116
-0.991098
-0.981197
-0.967455
-0.949928
-0.928685
-0.90381
-0.875398
-0.84356
-0.808417
-0.770104
-0.728767
-0.684562
-0.637659
-0.588235
-0.536479
-0.482591
-0.426776
-0.369249
-0.310235
-0.249961
-0.188665
-0.126586
-0.0639697
-0.00106515
0.061877
0.124605
0.186865
0.248407
0.308982
0.368342
0.426247
0.482461
0.536755
0.588906
0.638704
0.685947
0.730444
0.772015
0.810496
0.845733
0.87759
0.905942
0.930682
0.951718
0.968972
0.982385
0.991911
0.997521
0.999202
0.996957
0.990802
0.98077
0.966908
0.949275
0.927947
0.90301
0.874564
0.842721
0.807605
0.769348
0.728098
0.684009
0.637247
0.587986
0.536411
0.482713
0.427093
0.369759
0.310928
0.25082
0.189666
0.1277
0.0651604
0.0022917
-0.0606588
-0.123441
-0.185804
-0.247494
-0.308259
-0.36785
-0.426018
-0.48252
-0.537118
-0.58958
-0.639683
-0.687214
-0.73197
-0.77376
-0.812408
-0.84775
-0.879641
-0.907949
-0.932563
-0.953387
-0.970346
-0.983382
-0.992457
-0.997553
-0.998669
-0.995824
-0.989055
-0.978415
-0.963977
-0.945827
-0.924065
-0.898808
-0.870183
-0.838328
-0.803394
-0.765538
-0.724927
-0.681732
-0.636132
-0.588309
-0.538451
-0.486745
-0.433384
-0.378561
-0.322469
-0.265303
-0.207258
-0.14853
-0.0893131
-0.0298036