1
1.05136
1.2355
1.6991
3.22362
637.257
3.25494
1.70647
1.23833
1.05243
1
1.05029
1.2327
1.69182
3.19292
212.42
3.28691
1.71391
1.24118
1.05352
1.00002
1.04924
1.22993
1.68461
3.16284
127.453
3.31954
1.72144
1.24406
1.05462
1.00004
1.0482
1.22718
1.67748
3.13335
91.0385
3.35287
1.72905
1.24696
1.05574
1.00008
1.04717
1.22445
1.67043
3.10443
70.8086
3.3869
1.73675
1.24989
1.05687
1.00012
1.04616
1.22174
1.66345
3.07607
57.9353
3.42167
1.74453
1.25284
1.05801
1.00018
1.04515
1.21907
1.65655
3.04826
49.0231
3.45719
1.7524
1.25582
1.05916
1.00024
1.04416
1.21641
1.64972
3.02097
42.4877
3.49349
1.76036
1.25883
1.06033
1.00032
1.04318
1.21378
1.64296
2.9942
37.4901
3.5306
1.76841
1.26187
1.06151
1.0004
1.04222
1.21117
1.63627
2.96792
33.5448
3.56854
1.77655
1.26493
1.0627
1.00049
1.04126
1.20858
1.62966
2.94213
30.351
3.60734
1.78479
1.26802
1.06391
1.0006
1.04032
1.20602
1.62311
2.91682
27.7128
3.64703
1.79312
1.27113
1.06513
1.00071
1.03939
1.20348
1.61663
2.89196
25.4968
3.68764
1.80154
1.27428
1.06636
1.00083
1.03847
1.20096
1.61022
2.86756
23.6092
3.7292
1.81006
1.27745
1.06761
1.00097
1.03756
1.19847
1.60388
2.84359
21.9819
3.77175
1.81868
1.28065
1.06887
1.00111
1.03667
1.19599
1.5976
2.82004
20.5648
3.81531
1.8274
1.28388
1.07014
1.00126
1.03579
1.19354
1.59138
2.79691
19.3194
3.85994
1.83623
1.28714
1.07142
1.00142
1.03491
1.19111
1.58523
2.77418
18.2165
3.90565
1.84515
1.29043
1.07273
1.0016
1.03405
1.1887
1.57914
2.75185
17.2328
3.95251
1.85419
1.29375
1.07404
1.00178
1.03321
1.18632
1.57312
2.72989
16.3501
4.00054
1.86333
1.2971
1.07537
1.00197
1.03237
1.18395
1.56715
2.70832
15.5536
4.04979
1.87258
1.30047
1.07671
1.00218
1.03154
1.18161
1.56125
2.6871
14.8312
4.10031
1.88194
1.30388
1.07806
1.00239
1.03073
1.17928
1.5554
2.66625
14.173
4.15215
1.89141
1.30732
1.07943
1.00261
1.02993
1.17698
1.54961
2.64574
13.5709
4.20536
1.901
1.31079
1.08082
1.00284
1.02914
1.1747
1.54389
2.62556
13.0181
4.25999
1.9107
1.31429
1.08222
1.00309
1.02836
1.17243
1.53822
2.60572
12.5086
4.31611
1.92052
1.31783
1.08363
1.00334
1.02759
1.17019
1.5326
2.58621
12.0376
4.37376
1.93047
1.32139
1.08506
1.0036
1.02683
1.16797
1.52704
2.567
11.6009
4.43302
1.94053
1.32499
1.0865
1.00387
1.02609
1.16577
1.52154
2.54811
11.1949
4.49396
1.95073
1.32862
1.08795
1.00416
1.02535
1.16358
1.51609
2.52952
10.8164
4.55664
1.96104
1.33229
1.08942
1.00445
1.02463
1.16142
1.51069
2.51122
10.4628
4.62113
1.97149
1.33599
1.09091
1.00475
1.02391
1.15928
1.50535
2.4932
10.1317
4.68753
1.98207
1.33972
1.09241
1.00506
1.02321
1.15715
1.50006
2.47547
9.82097
4.75591
1.99278
1.34348
1.09392
1.00539
1.02252
1.15505
1.49482
2.45802
9.52884
4.82636
2.00363
1.34728
1.09545
1.00572
1.02184
1.15296
1.48964
2.44083
9.25367
4.89898
2.01462
1.35112
1.097
1.00606
1.02117
1.1509
1.4845
2.4239
8.99404
4.97387
2.02575
1.35499
1.09856
1.00642
1.02052
1.14885
1.47941
2.40723
8.74866
5.05114
2.03702
1.3589
1.10014
1.00678
1.01987
1.14682
1.47438
2.39081
8.5164
5.13089
2.04844
1.36284
1.10173
1.00715
1.01923
1.14481
1.46939
2.37464
8.29623
5.21326
2.06001
1.36682
1.10333
1.00754
1.01861
1.14281
1.46445
2.35871
8.08724
5.29836
2.07173
1.37083
1.10496
1.00793
1.018
1.14084
1.45955
2.34301
7.88859
5.38635
2.0836
1.37488
1.10659
1.00834
1.01739
1.13888
1.45471
2.32754
7.69954
5.47736
2.09564
1.37898
1.10825
1.00875
1.0168
1.13694
1.44991
2.3123
7.51941
5.57155
2.10783
1.3831
1.10992
1.00918
1.01622
1.13502
1.44515
2.29728
7.34759
5.6691
2.12019
1.38727
1.1116
1.00961
1.01565
1.13312
1.44044
2.28248
7.18351
5.77018
2.13271
1.39148
1.1133
1.01006
1.01509
1.13123
1.43578
2.26789
7.02667
5.87499
2.14541
1.39572
1.11502
1.01051
1.01454
1.12936
1.43116
2.2535
6.8766
5.98374
2.15827
1.40001
1.11676
1.01098
1.014
1.12751
1.42658
2.23932
6.73287
6.09666
2.17132
1.40433
1.11851
1.01146
1.01347
1.12568
1.42205
2.22534
6.59509
6.21398
2.18454
1.4087
1.12027
1.01194
1.01295
1.12386
1.41755
2.21155
6.4629
6.33596
2.19795
1.41311
1.12206
1.01244
1.01244
1.12206
1.41311
2.19795
6.33596
6.4629
2.21155
1.41755
1.12386
1.01295
1.01194
1.12027
1.4087
2.18454
6.21398
6.59509
2.22534
1.42205
1.12568
1.01347
1.01146
1.11851
1.40433
2.17132
6.09666
6.73287
2.23932
1.42658
1.12751
1.014
1.01098
1.11676
1.40001
2.15827
5.98374
6.8766
2.2535
1.43116
1.12936
1.01454
1.01051
1.11502
1.39572
2.14541
5.87499
7.02667
2.26789
1.43578
1.13123
1.01509
1.01006
1.1133
1.39148
2.13271
5.77018
7.18351
2.28248
1.44044
1.13312
1.01565
1.00961
1.1116
1.38727
2.12019
5.6691
7.34759
2.29728
1.44515
1.13502
1.01622
1.00918
1.10992
1.3831
2.10783
5.57155
7.51941
2.3123
1.44991
1.13694
1.0168
1.00875
1.10825
1.37898
2.09564
5.47736
7.69954
2.32754
1.45471
1.13888
1.01739
1.00834
1.10659
1.37488
2.0836
5.38635
7.88859
2.34301
1.45955
1.14084
1.018
1.00793
1.10496
1.37083
2.07173
5.29836
8.08724
2.35871
1.46445
1.14281
1.01861
1.00754
1.10333
1.36682
2.06001
5.21326
8.29623
2.37464
1.46939
1.14481
1.01923
1.00715
1.10173
1.36284
2.04844
5.13089
8.5164
2.39081
1.47438
1.14682
1.01987
1.00678
1.10014
1.3589
2.03702
5.05114
8.74866
2.40723
1.47941
1.14885
1.02052
1.00642
1.09856
1.35499
2.02575
4.97387
8.99404
2.4239
1.4845
1.1509
1.02117
1.00606
1.097
1.35112
2.01462
4.89898
9.25367
2.44083
1.48964
1.15296
1.02184
1.00572
1.09545
1.34728
2.00363
4.82636
9.52884
2.45802
1.49482
1.15505
1.02252
1.00539
1.09392
1.34348
1.99278
4.75591
9.82097
2.47547
1.50006
1.15715
1.02321
1.00506
1.09241
1.33972
1.98207
4.68753
10.1317
2.4932
1.50535
1.15928
1.02391
1.00475
1.09091
1.33599
1.97149
4.62113
10.4628
2.51122
1.51069
1.16142
1.02463
1.00445
1.08942
1.33229
1.96104
4.55664
10.8164
2.52952
1.51609
1.16358
1.02535
1.00416
1.08795
1.32862
1.95073
4.49396
11.1949
2.54811
1.52154
1.16577
1.02609
1.00387
1.0865
1.32499
1.94053
4.43302
11.6009
2.567
1.52704
1.16797
1.02683
1.0036
1.08506
1.32139
1.93047
4.37376
12.0376
2.58621
1.5326
1.17019
1.02759
1.00334
1.08363
1.31783
1.92052
4.31611
12.5086
2.60572
1.53822
1.17243
1.02836
1.00309
1.08222
1.31429
1.9107
4.25999
13.0181
2.62556
1.54389
1.1747
1.02914
1.00284
1.08082
1.31079
1.901
4.20536
13.5709
2.64574
1.54961
1.17698
1.02993
1.00261
1.07943
1.30732
1.89141
4.15215
14.173
2.66625
1.5554
1.17928
1.03073
1.00239
1.07806
1.30388
1.88194
4.10031
14.8312
2.6871
1.56125
1.18161
1.03154
1.00218
1.07671
1.30047
1.87258
4.04979
15.5536
2.70832
1.56715
1.18395
1.03237
1.00197
1.07537
1.2971
1.86333
4.00054
16.3501
2.72989
1.57312
1.18632
1.03321
1.00178
1.07404
1.29375
1.85419
3.95251
17.2328
2.75185
1.57914
1.1887
1.03405
1.0016
1.07273
1.29043
1.84515
3.90565
18.2165
2.77418
1.58523
1.19111
1.03491
1.00142
1.07142
1.28714
1.83623
3.85994
19.3194
2.79691
1.59138
1.19354
1.03579
1.00126
1.07014
1.28388
1.8274
3.81531
20.5648
2.82004
1.5976
1.19599
1.03667
1.00111
1.06887
1.28065
1.81868
3.77175
21.9819
2.84359
1.60388
1.19847
1.03756
1.00097
1.06761
1.27745
1.81006
3.7292
23.6092
2.86756
1.61022
1.20096
1.03847
1.00083
1.06636
1.27428
1.80154
3.68764
25.4968
2.89196
1.61663
1.20348
1.03939
1.00071
1.06513
1.27113
1.79312
3.64703
27.7128
2.91682
1.62311
1.20602
1.04032
1.0006
1.06391
1.26802
1.78479
3.60734
30.351
2.94213
1.62966
1.20858
1.04126
1.00049
1.0627
1.26493
1.77655
3.56854
33.5448
2.96792
1.63627
1.21117
1.04222
1.0004
1.06151
1.26187
1.76841
3.5306
37.4901
2.9942
1.64296
1.21378
1.04318
1.00032
1.06033
1.25883
1.76036
3.49349
42.4877
3.02097
1.64972
1.21641
1.04416
1.00024
1.05916
1.25582
1.7524
3.45719
49.0231
3.04826
1.65655
1.21907
1.04515
1.00018
1.05801
1.25284
1.74453
3.42167
57.9353
3.07607
1.66345
1.22174
1.04616
1.00012
1.05687
1.24989
1.73675
3.3869
70.8086
3.10443
1.67043
1.22445
1.04717
1.00008
1.05574
1.24696
1.72905
3.35287
91.0385
3.13335
1.67748
1.22718
1.0482
1.00004
1.05462
1.24406
1.72144
3.31954
127.453
3.16284
1.68461
1.22993
1.04924
1.00002
1.05352
1.24118
1.71391
3.28691
212.42
3.19292
1.69182
1.2327
1.05029
1
1.05243
1.23833
1.70647
3.25494
637.257
3.22362
1.6991
1.2355
1.05135